,,,,,,Finished,1
stat_id,status,status,cumulative,new_cat,,+1 Lap,1
1,Finished,0.274109907,0.274109907,Finished,,Mechanical,63
2,+1 Lap,0.148993808,0.423103715,+1 Lap,,>+1 Laps,97
3,Engine,0.077825077,0.500928793,Mechanical,,accident,3
4,+2 Laps,0.061648607,0.562577399,>+1 Laps,,Regulations,9
5,Accident,0.040402477,0.602979876,accident,,,
6,Did not qualify,0.039667183,0.642647059,Regulations,,,
7,Collision,0.032236842,0.674883901,accident,,,
8,Gearbox,0.03119195,0.706075851,Mechanical,,,
9,Spun off,0.030650155,0.736726006,accident,,,
10,+3 Laps,0.028289474,0.76501548,>+1 Laps,,,
11,Suspension,0.016679567,0.781695046,Mechanical,,,
12,+4 Laps,0.015673375,0.797368421,>+1 Laps,,,
13,Did not prequalify,0.012809598,0.810178019,Regulations,,,
14,Transmission,0.012422601,0.822600619,Mechanical,,,
15,Electrical,0.012190402,0.834791022,Mechanical,,,
16,Brakes,0.009674923,0.844465944,Mechanical,,,
17,Withdrew,0.009442724,0.853908669,Regulations,,,
18,+5 Laps,0.008552632,0.8624613,>+1 Laps,,,
19,Clutch,0.008281734,0.870743034,Mechanical,,,
20,Not classified,0.006656347,0.877399381,Regulations,,,
21,Fuel system,0.005998452,0.883397833,Mechanical,,,
22,+6 Laps,0.005921053,0.889318885,>+1 Laps,,,
23,Turbo,0.005650155,0.89496904,Mechanical,,,
24,Disqualified,0.005534056,0.900503096,Regulations,,,
25,Hydraulics,0.005301858,0.905804954,Mechanical,,,
26,Overheating,0.00503096,0.910835913,Mechanical,,,
27,Ignition,0.00495356,0.915789474,Mechanical,,,
28,Oil leak,0.004760062,0.920549536,Mechanical,,,
29,Throttle,0.004295666,0.924845201,Mechanical,,,
30,Out of fuel,0.003869969,0.92871517,Mechanical,,,
31,Halfshaft,0.003831269,0.93254644,Mechanical,,,
32,+7 Laps,0.003831269,0.936377709,>+1 Laps,,,
33,Retired,0.003676471,0.94005418,Mechanical,,,
34,Wheel,0.003405573,0.943459752,Mechanical,,,
35,Oil pressure,0.003366873,0.946826625,Mechanical,,,
36,Fuel pump,0.00255418,0.949380805,Mechanical,,,
37,Differential,0.002360681,0.951741486,Mechanical,,,
38,Tyre,0.002128483,0.953869969,Mechanical,,,
39,Handling,0.002089783,0.955959752,Mechanical,,,
40,+8 Laps,0.002012384,0.957972136,>+1 Laps,,,
41,Fuel leak,0.001934985,0.959907121,Mechanical,,,
42,Steering,0.001818885,0.961726006,Mechanical,,,
43,Collision damage,0.001741486,0.963467492,Mechanical,,,
44,Radiator,0.001625387,0.965092879,Mechanical,,,
45,Puncture,0.001586687,0.966679567,Mechanical,,,
46,Power Unit,0.001586687,0.968266254,Mechanical,,,
47,+9 Laps,0.001470588,0.969736842,>+1 Laps,,,
48,Wheel bearing,0.001431889,0.971168731,Mechanical,,,
49,Injection,0.001393189,0.97256192,Mechanical,,,
50,Fuel pressure,0.001354489,0.973916409,Mechanical,,,
51,+10 Laps,0.00123839,0.975154799,>+1 Laps,,,
52,Water leak,0.00123839,0.976393189,Mechanical,,,
53,Physical,0.00119969,0.977592879,Mechanical,,,
54,Alternator,0.00119969,0.97879257,Mechanical,,,
55,Exhaust,0.001160991,0.97995356,Mechanical,,,
56,Chassis,0.001122291,0.981075851,Mechanical,,,
57,Mechanical,0.001083591,0.982159443,Mechanical,,,
58,Magneto,0.001006192,0.983165635,Mechanical,,,
59,Driveshaft,0.000967492,0.984133127,Mechanical,,,
60,Axle,0.000851393,0.98498452,Mechanical,,,
61,Heat shield fire,0.000735294,0.985719814,Mechanical,,,
62,+11 Laps,0.000657895,0.986377709,>+1 Laps,,,
63,Battery,0.000657895,0.987035604,Mechanical,,,
64,Distributor,0.000541796,0.987577399,Mechanical,,,
65,Oil pump,0.000541796,0.988119195,Mechanical,,,
66,Power loss,0.000541796,0.988660991,Mechanical,,,
67,Injury,0.000503096,0.989164087,Mechanical,,,
68,+13 Laps,0.000503096,0.989667183,>+1 Laps,,,
69,+12 Laps,0.000464396,0.990131579,>+1 Laps,,,
70,Oil pipe,0.000464396,0.990595975,Mechanical,,,
71,+14 Laps,0.000464396,0.991060372,>+1 Laps,,,
72,Broken wing,0.000425697,0.991486068,Mechanical,,,
73,Electronics,0.000425697,0.991911765,Mechanical,,,
74,Vibrations,0.000386997,0.992298762,Mechanical,,,
75,Driver unwell,0.000386997,0.992685759,Regulations,,,
76,+15 Laps,0.000348297,0.993034056,>+1 Laps,,,
77,107% Rule,0.000348297,0.993382353,Regulations,,,
78,Wheel nut,0.000348297,0.99373065,Mechanical,,,
79,Rear wing,0.000348297,0.994078947,Mechanical,,,
80,Excluded,0.000309598,0.994388545,Regulations,,,
81,Water pressure,0.000309598,0.994698142,Mechanical,,,
82,Injured,0.000270898,0.99496904,Mechanical,,,
83,Water pump,0.000270898,0.995239938,Mechanical,,,
84,+16 Laps,0.000270898,0.995510836,>+1 Laps,,,
85,+17 Laps,0.000270898,0.995781734,>+1 Laps,,,
86,Supercharger,0.000193498,0.995975232,Mechanical,,,
87,ERS,0.000193498,0.996168731,Mechanical,,,
88,Front wing,0.000193498,0.996362229,Mechanical,,,
89,Pneumatics,0.000154799,0.996517028,Mechanical,,,
90,Technical,0.000154799,0.996671827,Regulations,,,
91,+19 Laps,0.000154799,0.996826625,>+1 Laps,,,
92,+22 Laps,0.000154799,0.996981424,>+1 Laps,,,
93,+18 Laps,0.000154799,0.997136223,>+1 Laps,,,
94,+24 Laps,0.000154799,0.997291022,>+1 Laps,,,
95,Fuel,0.000154799,0.99744582,Mechanical,,,
96,Water pipe,0.000116099,0.99756192,Mechanical,,,
97,Fire,0.000116099,0.997678019,Mechanical,,,
98,+25 Laps,0.000116099,0.997794118,>+1 Laps,,,
99,Fatal accident,0.000116099,0.997910217,accident,,,
100,Spark plugs,0.000116099,0.998026316,Mechanical,,,
101,Fuel pipe,0.000116099,0.998142415,Mechanical,,,
102,Wheel rim,0.000116099,0.998258514,Mechanical,,,
103,Damage,7.74E-05,0.998335913,Mechanical,,,
104,Illness,7.74E-05,0.998413313,Regulations,,,
105,Track rod,7.74E-05,0.998490712,Mechanical,,,
106,Stalled,7.74E-05,0.998568111,Mechanical,,,
107,Undertray,7.74E-05,0.998645511,Mechanical,,,
108,Safety concerns,7.74E-05,0.99872291,Regulations,,,
109,Oil line,7.74E-05,0.99880031,Mechanical,,,
110,Fuel rig,7.74E-05,0.998877709,Mechanical,,,
111,Drivetrain,7.74E-05,0.998955108,Mechanical,,,
112,Safety,7.74E-05,0.999032508,Regulations,,,
113,Launch control,3.87E-05,0.999071207,Mechanical,,,
114,Cooling system,3.87E-05,0.999109907,Mechanical,,,
115,Debris,3.87E-05,0.999148607,Regulations,,,
116,Not restarted,3.87E-05,0.999187307,Regulations,,,
117,Seat,3.87E-05,0.999226006,Mechanical,,,
118,Brake duct,3.87E-05,0.999264706,Mechanical,,,
119,Driver Seat,3.87E-05,0.999303406,Mechanical,,,
120,Engine misfire,3.87E-05,0.999342105,Mechanical,,,
121,+42 Laps,3.87E-05,0.999380805,>+1 Laps,,,
122,+20 Laps,3.87E-05,0.999419505,>+1 Laps,,,
123,Eye injury,3.87E-05,0.999458204,accident,,,
124,+46 Laps,3.87E-05,0.999496904,>+1 Laps,,,
125,Crankshaft,3.87E-05,0.999535604,Mechanical,,,
126,Safety belt,3.87E-05,0.999574303,Mechanical,,,
127,+44 Laps,3.87E-05,0.999613003,>+1 Laps,,,
128,+30 Laps,3.87E-05,0.999651703,>+1 Laps,,,
129,Refuelling,3.87E-05,0.999690402,Mechanical,,,
130,+21 Laps,3.87E-05,0.999729102,>+1 Laps,,,
131,+23 Laps,3.87E-05,0.999767802,>+1 Laps,,,
132,+29 Laps,3.87E-05,0.999806502,>+1 Laps,,,
133,Tyre puncture,3.87E-05,0.999845201,Mechanical,,,
134,+26 Laps,3.87E-05,0.999883901,>+1 Laps,,,
135,CV joint,3.87E-05,0.999922601,Mechanical,,,
136,Engine fire,3.87E-05,0.9999613,Mechanical,,,
137,Underweight,3.87E-05,1,Regulations,,,
